
                        num_episodes: 603 | 
                        eps_start: 0.8188673994482205 | 
                        eps_end: 0.06750977699286688 | 
                        eps_decay: 19871 | 
                        buffer_size: 7272 | 
                        batch_size: 19 | 
                        gamma: 0.9868424196024466 | 
                        tau: 0.7955644190191878 | 
                        lr: 3.877528310209183e-05 | 
                        beta: 1.885359518360899 | 
                       